[Variables]
ercf_calib_0 = 1.0
ercf_calib_1 = 0.998211894226
ercf_calib_10 = 1.0
ercf_calib_11 = 1.0
ercf_calib_2 = 0.994963035335
ercf_calib_3 = 0.967412634831
ercf_calib_4 = 0.996584816974
ercf_calib_5 = 0.999844293072
ercf_calib_6 = 0.994963035335
ercf_calib_7 = 0.998211894226
ercf_calib_8 = 1.0
ercf_calib_9 = 1.0
ercf_calib_ref = 1041.290509

