[Variables]
ercf_calib_0 = 1.0
ercf_calib_1 = 0.998867965139
ercf_calib_10 = 1.0
ercf_calib_11 = 1.0
ercf_calib_2 = 0.998867965139
ercf_calib_3 = 0.995689387684
ercf_calib_4 = 1.00003147448
ercf_calib_5 = 1.00003147448
ercf_calib_6 = 1.00003147448
ercf_calib_7 = 1.00003147448
ercf_calib_8 = 1.0
ercf_calib_9 = 1.0
ercf_calib_ref = 986.3759895

